13632130010
13632130011
13632130013
13632130014
13632130017
13632130018
13632130019
13632130021
13632130023
13632130024
13632130025
13632130027
13632130028
13632130029
13632130030
13632130031
13632130032
13632130034
13632130035
13632130036
13632130037
13632130038
13632130039
13632130050
13632130051
13632130052
13632130053
13632130054
13632130055
13632130056
13632130057
13632130058
13632130059
13632130060
13632130061
13632130062
13632130063
13632130064
13632130065
13632130070
13632130071
13632130072
13632130074
13632130075
13632130076
13632130077
13632130079
13632130081
13632130083
13632130088
13632130090
13632130096
13632130097
13632131415
13632136193
