13632120002
13632120003
13632120005
13632120006
13632120007
13632120008
13632120009
13632120010
13632120011
13632120015
13632120016
13632120017
13632120018
13632120020
13632120022
13632120023
13632120024
13632120025
13632120026
13632120027
13632120028
13632120030
13632120032
13632120033
13632120036
13632120038
13632120042
13632120045
13632120046
13632120050
13632120059
13632120060
13632120061
13632120062
13632120065
13632120066
13632120067
13632120068
13632120070
13632120071
13632120073
13632120074
13632120075
13632120076
13632120077
13632120078
13632120079
13632120080
13632120081
13632120082
13632120083
13632120085
13632120086
13632120088
13632120089
13632120091
13632120092
13632120094
13632120095
13632120098
13632120099
13632120100
13632120101
13632120102
13632120103
13632120104
13632120105
13632120108
13632120109
13632120110
13632120111
13632120113
13632120114
13632120115
13632120116
13632120117
13632120118
13632120119
13632120122
13632120124
13632120125
13632120126
13632120127
13632120128
13632120130
13632120131
13632120133
13632120134
13632120135
13632120137
13632120141
13632120142
13632120150
13632120151
13632120152
13632120153
13632120154
13632120156
13632120157
13632120158
13632120163
13632120166
13632120167
13632120169
13632120170
13632120172
13632120174
13632120175
13632120176
13632120177
13632120178
13632120179
13632120180
13632120181
13632120185
13632120186
13632120188
13632120191
13632120193
13632120194
13632120196
13632120197
13632120199
13632120200
13632120201
13632120203
13632120207
13632120208
13632120209
13632120212
13632120213
13632120214
13632120215
13632120216
13632120217
13632120219
13632120220
13632120223
13632120225
13632120227
13632120228
13632120229
13632120231
13632120232
13632120236
13632120237
13632120238
13632120240
13632120241
13632120242
13632120244
13632120246
13632120247
13632120248
13632120249
13632120252
13632120254
13632120256
13632120257
13632120258
13632120260
13632120262
13632120263
13632120264
13632120266
13632120268
13632120269
13632120270
13632120272
13632120273
13632120274
13632120275
13632120276
13632120277
13632120281
13632120283
13632120285
13632120286
13632120287
13632120288
13632120289
13632120291
13632120292
13632120293
13632120294
13632120295
13632120298
13632120299
13632120300
13632120302
13632120303
13632120304
13632120305
13632120306
13632120307
13632120308
13632120313
13632120314
13632120316
13632120317
13632120318
13632120320
13632120321
13632120322
13632120323
13632120324
13632120325
13632120330
13632120331
13632120332
13632120334
13632120335
13632120336
13632120337
13632120339
13632120340
13632120341
13632120342
13632120343
13632120344
13632120346
13632120348
13632120353
13632120355
13632120356
13632120357
13632120360
13632120361
13632120363
13632120365
13632120367
13632120368
13632120369
13632120370
13632120372
13632120373
13632120377
13632120378
13632120379
13632120380
13632120381
13632120382
13632120383
13632120386
13632120387
13632120388
13632120389
13632120391
13632120393
13632120395
13632120396
13632120397
13632120398
13632120401
13632120406
13632120407
13632120409
13632120410
13632120411
13632120412
13632120413
13632120415
13632120416
13632120417
13632120418
13632120421
13632120423
13632120424
13632120425
13632120427
13632120428
13632120429
13632120430
13632120431
13632120432
13632120434
13632120435
13632120438
13632120442
13632120443
13632120444
13632120446
13632120447
13632120448
13632120449
13632120450
13632120451
13632120453
13632120458
13632120459
13632120460
13632120463
13632120464
13632120467
13632120469
13632120473
13632120474
13632120475
13632120476
13632120477
13632120479
13632120480
13632120481
13632120482
13632120485
13632120486
13632120487
13632120488
13632120490
13632120491
13632120492
13632120493
13632120495
13632120496
13632120500
13632120501
13632120502
13632120503
13632120504
13632120505
13632120506
13632120507
13632120508
13632120509
13632120510
13632120512
13632120513
13632120514
13632120516
13632120517
13632120519
13632120520
13632120525
13632120526
13632120527
13632120529
13632120530
13632120531
13632120534
13632120535
13632120536
13632120537
13632120539
13632120540
13632120541
13632120542
13632120543
13632120544
13632120545
13632120547
13632120548
13632120549
13632120550
13632120556
13632120557
13632120558
13632120559
13632120560
13632120562
13632120563
13632120564
13632120565
13632120566
13632120567
13632120568
13632120569
13632120572
13632120573
13632120576
13632120578
13632120579
13632120580
13632120581
13632120583
13632120584
13632120585
13632120591
13632120593
13632120595
13632120598
13632120599
13632120600
13632120601
13632120602
13632120603
13632120604
13632120605
13632120606
13632120607
13632120608
13632120609
13632120610
13632120612
13632120617
13632120618
13632120619
13632120620
13632120621
13632120622
13632120623
13632120624
13632120625
13632120628
13632120629
13632120631
13632120632
13632120634
13632120635
13632120636
13632120637
13632120638
13632120640
13632120643
13632120645
13632120647
13632120649
13632120651
13632120653
13632120655
13632120656
13632120658
13632120659
13632120660
13632120661
13632120662
13632120664
13632120665
13632120667
13632120668
13632120670
13632120672
13632120675
13632120676
13632120677
13632120678
13632120680
13632120682
13632120683
13632120684
13632120685
13632120686
13632120687
13632120689
13632120690
13632120691
13632120693
13632120694
13632120695
13632120696
13632120697
13632120699
13632120700
13632120702
13632120703
13632120706
13632120707
13632120709
13632120710
13632120713
13632120716
13632120717
13632120718
13632120719
13632120721
13632120724
13632120725
13632120727
13632120728
13632120730
13632120731
13632120734
13632120735
13632120737
13632120738
13632120739
13632120740
13632120741
13632120742
13632120743
13632120746
13632120747
13632120749
13632120750
13632120751
13632120754
13632120756
13632120757
13632120758
13632120759
13632120760
13632120761
13632120762
13632120763
13632120764
13632120765
13632120767
13632120768
13632120769
13632120771
13632120772
13632120775
13632120776
13632120777
13632120778
13632120779
13632120780
13632120781
13632120782
13632120783
13632120784
13632120785
13632120786
13632120787
13632120788
13632120789
13632120791
13632120793
13632120795
13632120797
13632120798
13632120800
13632120802
13632120803
13632120805
13632120806
13632120807
13632120809
13632120810
13632120813
13632120814
13632120815
13632120816
13632120817
13632120818
13632120819
13632120820
13632120822
13632120823
13632120824
13632120825
13632120826
13632120827
13632120828
13632120829
13632120832
13632120834
13632120835
13632120836
13632120837
13632120838
13632120839
13632120840
13632120841
13632120842
13632120843
13632120844
13632120845
13632120846
13632120847
13632120848
13632120849
13632120851
13632120852
13632120853
13632120855
13632120860
13632120861
13632120862
13632120864
13632120865
13632120866
13632120867
13632120868
13632120869
13632120871
13632120873
13632120874
13632120877
13632120878
13632120879
13632120880
13632120882
13632120883
13632120884
13632120885
13632120886
13632120887
13632120888
13632120889
13632120890
13632120891
13632120892
13632120893
13632120894
13632120895
13632120896
13632120897
13632120898
13632120899
13632120900
13632120901
13632120902
13632120903
13632120904
13632120906
13632120907
13632120909
13632120910
13632120911
13632120912
13632120913
13632120914
13632120915
13632120916
13632120917
13632120920
13632120922
13632120923
13632120924
13632120927
13632120928
13632120930
13632120931
13632120932
13632120934
13632120935
13632120936
13632120937
13632120938
13632120939
13632120940
13632120942
13632120943
13632120944
13632120946
13632120947
13632120948
13632120949
13632120950
13632120951
13632120952
13632120953
13632120955
13632120956
13632120957
13632120958
13632120959
13632120960
13632120961
13632120964
13632120965
13632120966
13632120967
13632120968
13632120969
13632120970
13632120973
13632120974
13632120975
13632120976
13632120978
13632120979
13632120981
13632120982
13632120983
13632120984
13632120985
13632120987
13632120989
13632120990
13632120991
13632120993
13632120994
13632120997
13632120998
13632121001
13632121002
13632121003
13632121004
13632121006
13632121007
13632121008
13632121009
13632121010
13632121011
13632121012
13632121013
13632121014
13632121015
13632121018
13632121019
13632121020
13632121021
13632121022
13632121023
13632121024
13632121026
13632121027
13632121028
13632121030
13632121031
13632121032
13632121034
13632121037
13632121038
13632121039
13632121040
13632121042
13632121044
13632121046
13632121047
13632121049
13632121050
13632121051
13632121053
13632121055
13632121056
13632121057
13632121060
13632121061
13632121062
13632121064
13632121065
13632121066
13632121067
13632121068
13632121071
13632121073
13632121074
13632121075
13632121076
13632121077
13632121079
13632121080
13632121081
13632121085
13632121086
13632121087
13632121088
13632121089
13632121090
13632121091
13632121094
13632121096
13632121098
13632121099
13632121105
13632121106
13632121108
13632121109
13632121112
13632121114
13632121116
13632121117
13632121119
13632121122
13632121123
13632121124
13632121125
13632121126
13632121127
13632121129
13632121131
13632121132
13632121133
13632121134
13632121135
13632121136
13632121137
13632121138
13632121139
13632121140
13632121141
13632121146
13632121147
13632121148
13632121150
13632121151
13632121152
13632121154
13632121155
13632121156
13632121158
13632121160
13632121161
13632121162
13632121164
13632121166
13632121168
13632121169
13632121171
13632121173
13632121174
13632121176
13632121177
13632121179
13632121180
13632121181
13632121182
13632121183
13632121185
13632121187
13632121188
13632121189
13632121190
13632121192
13632121194
13632121196
13632121198
13632121199
13632121200
13632121202
13632121203
13632121204
13632121206
13632121208
13632121209
13632121210
13632121216
13632121217
13632121218
13632121219
13632121224
13632121226
13632121227
13632121228
13632121229
13632121231
13632121232
13632121235
13632121236
13632121239
13632121241
13632121243
13632121244
13632121245
13632121246
13632121247
13632121249
13632121250
13632121252
13632121253
13632121260
13632121261
13632121263
13632121264
13632121265
13632121267
13632121268
13632121270
13632121271
13632121272
13632121273
13632121274
13632121275
13632121276
13632121277
13632121278
13632121279
13632121280
13632121281
13632121282
13632121283
13632121287
13632121289
13632121290
13632121291
13632121292
13632121293
13632121294
13632121295
13632121296
13632121300
13632121301
13632121302
13632121303
13632121304
13632121307
13632121308
13632121309
13632121310
13632121311
13632121312
13632121313
13632121315
13632121316
13632121317
13632121318
13632121319
13632121321
13632121323
13632121324
13632121325
13632121326
13632121327
13632121328
13632121329
13632121330
13632121331
13632121334
13632121337
13632121340
13632121342
13632121343
13632121344
13632121345
13632121346
13632121347
13632121348
13632121349
13632121353
13632121356
13632121357
13632121359
13632121360
13632121361
13632121362
13632121365
13632121366
13632121368
13632121369
13632121370
13632121371
13632121372
13632121373
13632121374
13632121375
13632121376
13632121377
13632121379
13632121380
13632121381
13632121384
13632121385
13632121386
13632121387
13632121388
13632121389
13632121391
13632121392
13632121393
13632121396
13632121397
13632121398
13632121399
13632121401
13632121402
13632121403
13632121406
13632121407
13632121408
13632121409
13632121410
13632121412
13632121413
13632121415
13632121416
13632121418
13632121419
13632121421
13632121423
13632121424
13632121425
13632121426
13632121427
13632121428
13632121429
13632121430
13632121431
13632121432
13632121434
13632121435
13632121436
13632121437
13632121439
13632121440
13632121441
13632121444
13632121446
13632121448
13632121450
13632121451
13632121453
13632121454
13632121457
13632121458
13632121459
13632121461
13632121462
13632121463
13632121464
13632121465
13632121468
13632121469
13632121470
13632121472
13632121474
13632121475
13632121480
13632121481
13632121483
13632121484
13632121485
13632121487
13632121488
13632121490
13632121491
13632121492
13632121496
13632121497
13632121499
13632121502
13632121503
13632121504
13632121506
13632121507
13632121508
13632121509
13632121510
13632121511
13632121512
13632121513
13632121515
13632121516
13632121518
13632121519
13632121520
13632121521
13632121523
13632121525
13632121527
13632121528
13632121530
13632121535
13632121537
13632121539
13632121541
13632121542
13632121543
13632121544
13632121545
13632121547
13632121548
13632121552
13632121553
13632121554
13632121557
13632121560
13632121562
13632121563
13632121566
13632121567
13632121569
13632121571
13632121572
13632121573
13632121576
13632121577
13632121578
13632121579
13632121580
13632121581
13632121582
13632121584
13632121585
13632121586
13632121588
13632121591
13632121594
13632121595
13632121596
13632121597
13632121598
13632121599
13632121600
13632121601
13632121602
13632121603
13632121604
13632121605
13632121606
13632121608
13632121610
13632121611
13632121612
13632121614
13632121615
13632121616
13632121617
13632121618
13632121619
13632121620
13632121622
13632121623
13632121624
13632121625
13632121626
13632121629
13632121630
13632121631
13632121634
13632121635
13632121636
13632121638
13632121640
13632121641
13632121643
13632121645
13632121646
13632121647
13632121648
13632121649
13632121651
13632121652
13632121653
13632121654
13632121656
13632121662
13632121663
13632121664
13632121665
13632121667
13632121668
13632121669
13632121670
13632121672
13632121673
13632121674
13632121675
13632121677
13632121678
13632121680
13632121681
13632121682
13632121683
13632121684
13632121685
13632121687
13632121688
13632121691
13632121692
13632121693
13632121694
13632121695
13632121696
13632121697
13632121699
13632121702
13632121703
13632121704
13632121705
13632121708
13632121709
13632121710
13632121711
13632121712
13632121713
13632121714
13632121715
13632121716
13632121717
13632121718
13632121719
13632121720
13632121721
13632121722
13632121723
13632121724
13632121725
13632121726
13632121727
13632121728
13632121729
13632121730
13632121731
13632121732
13632121733
13632121734
13632121735
13632121736
13632121737
13632121738
13632121739
13632121740
13632121741
13632121743
13632121745
13632121746
13632121749
13632121752
13632121753
13632121754
13632121757
13632121759
13632121760
13632121761
13632121762
13632121763
13632121764
13632121765
13632121766
13632121767
13632121768
13632121769
13632121770
13632121771
13632121772
13632121776
13632121777
13632121778
13632121779
13632121780
13632121781
13632121782
13632121786
13632121787
13632121788
13632121789
13632121790
13632121791
13632121792
13632121793
13632121794
13632121795
13632121796
13632121798
13632121799
13632121800
13632121801
13632121802
13632121804
13632121805
13632121806
13632121807
13632121808
13632121809
13632121811
13632121812
13632121813
13632121814
13632121816
13632121819
13632121822
13632121823
13632121824
13632121825
13632121826
13632121827
13632121828
13632121829
13632121830
13632121831
13632121833
13632121834
13632121835
13632121837
13632121838
13632121840
13632121845
13632121846
13632121847
13632121848
13632121849
13632121851
13632121853
13632121854
13632121855
13632121856
13632121857
13632121858
13632121859
13632121861
13632121862
13632121863
13632121864
13632121865
13632121866
13632121868
13632121869
13632121870
13632121871
13632121872
13632121873
13632121875
13632121876
13632121878
13632121879
13632121883
13632121884
13632121886
13632121887
13632121888
13632121889
13632121892
13632121893
13632121895
13632121896
13632121897
13632121899
13632121900
13632121901
13632121903
13632121904
13632121906
13632121908
13632121910
13632121911
13632121912
13632121913
13632121914
13632121916
13632121917
13632121918
13632121919
13632121920
13632121921
13632121923
13632121924
13632121925
13632121926
13632121927
13632121928
13632121929
13632121930
13632121931
13632121934
13632121935
13632121936
13632121938
13632121940
13632121942
13632121943
13632121946
13632121947
13632121948
13632121949
13632121950
13632121951
13632121953
13632121956
13632121957
13632121958
13632121959
13632121960
13632121961
13632121964
13632121965
13632121967
13632121968
13632121969
13632121970
13632121973
13632121976
13632121977
13632121979
13632121980
13632121982
13632121983
13632121984
13632121986
13632121987
13632121988
13632121991
13632121992
13632121993
13632121994
13632121995
13632121996
13632121997
13632121998
13632122001
13632122002
13632122004
13632122005
13632122007
13632122008
13632122009
13632122010
13632122012
13632122014
13632122015
13632122016
13632122017
13632122018
13632122019
13632122020
13632122023
13632122024
13632122025
13632122026
13632122027
13632122028
13632122029
13632122032
13632122033
13632122035
13632122036
13632122037
13632122038
13632122039
13632122042
13632122043
13632122046
13632122047
13632122049
13632122050
13632122051
13632122052
13632122053
13632122054
13632122055
13632122057
13632122059
13632122060
13632122061
13632122062
13632122063
13632122064
13632122065
13632122066
13632122068
13632122069
13632122071
13632122072
13632122075
13632122076
13632122078
13632122079
13632122080
13632122081
13632122084
13632122085
13632122087
13632122088
13632122089
13632122091
13632122092
13632122093
13632122094
13632122095
13632122096
13632122097
13632122098
13632122099
13632122100
13632122101
13632122102
13632122103
13632122108
13632122109
13632122110
13632122112
13632122114
13632122115
13632122117
13632122118
13632122119
13632122124
13632122125
13632122128
13632122129
13632122130
13632122131
13632122132
13632122135
13632122139
13632122140
13632122141
13632122143
13632122145
13632122146
13632122147
13632122152
13632122153
13632122155
13632122156
13632122157
13632122159
13632122160
13632122161
13632122162
13632122163
13632122164
13632122165
13632122167
13632122170
13632122171
13632122174
13632122175
13632122177
13632122179
13632122180
13632122181
13632122182
13632122186
13632122193
13632122194
13632122195
13632122196
13632122197
13632122198
13632122199
13632122202
13632122203
13632122204
13632122206
13632122208
13632122212
13632122214
13632122215
13632122216
13632122217
13632122218
13632122220
13632122221
13632122224
13632122225
13632122226
13632122228
13632122231
13632122233
13632122234
13632122235
13632122237
13632122238
13632122239
13632122240
13632122241
13632122242
13632122243
13632122245
13632122246
13632122248
13632122249
13632122250
13632122251
13632122252
13632122253
13632122254
13632122256
13632122257
13632122258
13632122259
13632122261
13632122263
13632122265
13632122266
13632122267
13632122268
13632122269
13632122270
13632122273
13632122276
13632122278
13632122279
13632122280
13632122281
13632122282
13632122285
13632122286
13632122288
13632122289
13632122290
13632122291
13632122293
13632122294
13632122295
13632122300
13632122301
13632122303
13632122304
13632122305
13632122306
13632122307
13632122308
13632122310
13632122311
13632122312
13632122313
13632122314
13632122318
13632122319
13632122320
13632122321
13632122323
13632122324
13632122325
13632122328
13632122329
13632122330
13632122336
13632122337
13632122338
13632122341
13632122342
13632122343
13632122346
13632122348
13632122349
13632122350
13632122351
13632122352
13632122354
13632122355
13632122357
13632122359
13632122360
13632122361
13632122365
13632122366
13632122367
13632122368
13632122369
13632122370
13632122372
13632122373
13632122375
13632122376
13632122377
13632122379
13632122380
13632122383
13632122384
13632122385
13632122386
13632122387
13632122388
13632122389
13632122390
13632122391
13632122392
13632122393
13632122394
13632122396
13632122397
13632122398
13632122399
13632122402
13632122403
13632122405
13632122406
13632122407
13632122408
13632122413
13632122415
13632122418
13632122420
13632122421
13632122423
13632122425
13632122426
13632122428
13632122429
13632122431
13632122432
13632122435
13632122436
13632122438
13632122440
13632122442
13632122443
13632122445
13632122446
13632122447
13632122448
13632122449
13632122450
13632122452
13632122456
13632122458
13632122460
13632122462
13632122463
13632122467
13632122468
13632122470
13632122471
13632122472
13632122475
13632122476
13632122478
13632122479
13632122480
13632122481
13632122482
13632122483
13632122484
13632122485
13632122486
13632122487
13632122488
13632122489
13632122490
13632122491
13632122493
13632122495
13632122496
13632122498
13632122499
13632122502
13632122504
13632122505
13632122506
13632122507
13632122508
13632122509
13632122510
13632122513
13632122514
13632122516
13632122518
13632122519
13632122521
13632122524
13632122525
13632122526
13632122527
13632122528
13632122532
13632122534
13632122535
13632122536
13632122537
13632122540
13632122541
13632122542
13632122543
13632122544
13632122548
13632122550
13632122551
13632122552
13632122553
13632122554
13632122556
13632122558
13632122560
13632122564
13632122565
13632122568
13632122569
13632122570
13632122571
13632122572
13632122573
13632122577
13632122579
13632122583
13632122584
13632122586
13632122587
13632122588
13632122590
13632122591
13632122593
13632122595
13632122597
13632122598
13632122599
13632122600
13632122601
13632122602
13632122604
13632122605
13632122606
13632122607
13632122608
13632122613
13632122614
13632122615
13632122617
13632122618
13632122620
13632122621
13632122623
13632122624
13632122626
13632122627
13632122628
13632122629
13632122630
13632122631
13632122632
13632122636
13632122638
13632122640
13632122641
13632122642
13632122645
13632122646
13632122647
13632122649
13632122652
13632122653
13632122655
13632122656
13632122657
13632122659
13632122660
13632122662
13632122663
13632122664
13632122665
13632122667
13632122668
13632122669
13632122670
13632122671
13632122672
13632122674
13632122675
13632122676
13632122678
13632122679
13632122680
13632122681
13632122682
13632122684
13632122685
13632122687
13632122689
13632122691
13632122692
13632122693
13632122694
13632122695
13632122696
13632122697
13632122698
13632122699
13632122701
13632122702
13632122703
13632122708
13632122710
13632122712
13632122715
13632122717
13632122718
13632122721
13632122725
13632122726
13632122727
13632122728
13632122731
13632122732
13632122734
13632122735
13632122736
13632122737
13632122740
13632122741
13632122743
13632122746
13632122748
13632122749
13632122751
13632122752
13632122753
13632122754
13632122756
13632122757
13632122759
13632122762
13632122763
13632122766
13632122767
13632122768
13632122769
13632122770
13632122771
13632122772
13632122773
13632122774
13632122775
13632122780
13632122781
13632122782
13632122783
13632122785
13632122786
13632122787
13632122789
13632122791
13632122792
13632122793
13632122794
13632122795
13632122796
13632122797
13632122798
13632122799
13632122800
13632122801
13632122804
13632122807
13632122808
13632122809
13632122811
13632122812
13632122814
13632122815
13632122816
13632122817
13632122818
13632122819
13632122820
13632122821
13632122822
13632122824
13632122825
13632122826
13632122827
13632122828
13632122829
13632122831
13632122833
13632122834
13632122836
13632122837
13632122838
13632122839
13632122840
13632122842
13632122846
13632122847
13632122848
13632122849
13632122851
13632122852
13632122853
13632122855
13632122858
13632122859
13632122860
13632122861
13632122862
13632122863
13632122864
13632122865
13632122867
13632122868
13632122869
13632122870
13632122871
13632122873
13632122874
13632122875
13632122876
13632122877
13632122878
13632122879
13632122880
13632122881
13632122882
13632122883
13632122884
13632122886
13632122887
13632122889
13632122890
13632122891
13632122892
13632122893
13632122894
13632122896
13632122897
13632122898
13632122899
13632122901
13632122902
13632122904
13632122905
13632122907
13632122909
13632122911
13632122913
13632122914
13632122915
13632122916
13632122917
13632122918
13632122920
13632122921
13632122923
13632122924
13632122927
13632122928
13632122932
13632122936
13632122937
13632122938
13632122941
13632122942
13632122943
13632122945
13632122947
13632122948
13632122950
13632122951
13632122952
13632122954
13632122956
13632122957
13632122958
13632122960
13632122961
13632122963
13632122964
13632122965
13632122966
13632122967
13632122968
13632122970
13632122971
13632122973
13632122974
13632122975
13632122976
13632122977
13632122979
13632122980
13632122981
13632122983
13632122984
13632122985
13632122986
13632122988
13632122989
13632122991
13632122992
13632122993
13632122994
13632122995
13632122996
13632122997
13632123002
13632123005
13632123006
13632123010
13632123012
13632123013
13632123014
13632123015
13632123016
13632123017
13632123018
13632123019
13632123020
13632123021
13632123022
13632123023
13632123024
13632123026
13632123028
13632123029
13632123031
13632123033
13632123035
13632123036
13632123037
13632123038
13632123039
13632123040
13632123041
13632123044
13632123045
13632123047
13632123048
13632123050
13632123052
13632123053
13632123056
13632123057
13632123059
13632123060
13632123061
13632123062
13632123063
13632123064
13632123066
13632123067
13632123068
13632123069
13632123071
13632123072
13632123073
13632123074
13632123075
13632123076
13632123077
13632123078
13632123079
13632123080
13632123081
13632123085
13632123086
13632123087
13632123089
13632123090
13632123092
13632123094
13632123097
13632123098
13632123099
13632123100
13632123101
13632123102
13632123103
13632123105
13632123106
13632123107
13632123108
13632123109
13632123110
13632123113
13632123115
13632123116
13632123118
13632123119
13632123120
13632123122
13632123124
13632123127
13632123128
13632123129
13632123130
13632123131
13632123133
13632123134
13632123135
13632123136
13632123138
13632123139
13632123141
13632123143
13632123144
13632123146
13632123149
13632123150
13632123151
13632123152
13632123153
13632123156
13632123158
13632123159
13632123161
13632123163
13632123164
13632123165
13632123166
13632123168
13632123172
13632123173
13632123175
13632123176
13632123177
13632123178
13632123179
13632123180
13632123181
13632123182
13632123183
13632123184
13632123185
13632123186
13632123187
13632123188
13632123189
13632123190
13632123191
13632123192
13632123194
13632123196
13632123197
13632123199
13632123200
13632123201
13632123202
13632123203
13632123205
13632123207
13632123208
13632123209
13632123210
13632123211
13632123213
13632123214
13632123215
13632123217
13632123218
13632123219
13632123220
13632123223
13632123224
13632123227
13632123228
13632123230
13632123231
13632123232
13632123233
13632123234
13632123235
13632123236
13632123237
13632123238
13632123239
13632123240
13632123242
13632123243
13632123244
13632123246
13632123247
13632123248
13632123249
13632123250
13632123252
13632123253
13632123254
13632123257
13632123258
13632123262
13632123265
13632123266
13632123268
13632123270
13632123271
13632123272
13632123274
13632123275
13632123277
13632123280
13632123281
13632123283
13632123284
13632123285
13632123287
13632123288
13632123289
13632123291
13632123292
13632123293
13632123294
13632123295
13632123296
13632123297
13632123298
13632123299
13632123302
13632123303
13632123304
13632123305
13632123308
13632123310
13632123311
13632123313
13632123314
13632123316
13632123318
13632123319
13632123320
13632123321
13632123322
13632123324
13632123325
13632123326
13632123327
13632123328
13632123329
13632123330
13632123331
13632123332
13632123333
13632123334
13632123335
13632123337
13632123339
13632123340
13632123341
13632123342
13632123343
13632123345
13632123346
13632123348
13632123349
13632123351
13632123352
13632123353
13632123354
13632123356
13632123357
13632123358
13632123361
13632123362
13632123363
13632123364
13632123365
13632123366
13632123367
13632123368
13632123369
13632123370
13632123371
13632123372
13632123374
13632123375
13632123377
13632123379
13632123382
13632123383
13632123384
13632123386
13632123387
13632123389
13632123390
13632123391
13632123392
13632123393
13632123395
13632123397
13632123398
13632123399
13632123400
13632123401
13632123402
13632123404
13632123405
13632123407
13632123408
13632123410
13632123412
13632123413
13632123414
13632123415
13632123417
13632123418
13632123419
13632123420
13632123421
13632123423
13632123424
13632123425
13632123426
13632123427
13632123429
13632123430
13632123432
13632123435
13632123436
13632123437
13632123438
13632123439
13632123440
13632123441
13632123444
13632123447
13632123448
13632123450
13632123451
13632123452
13632123453
13632123455
13632123456
13632123457
13632123458
13632123459
13632123460
13632123462
13632123463
13632123464
13632123465
13632123466
13632123468
13632123469
13632123472
13632123473
13632123476
13632123477
13632123478
13632123480
13632123481
13632123482
13632123483
13632123484
13632123486
13632123488
13632123489
13632123490
13632123491
13632123493
13632123494
13632123495
13632123496
13632123497
13632123498
13632123502
13632123503
13632123504
13632123505
13632123506
13632123507
13632123509
13632123512
13632123513
13632123517
13632123518
13632123519
13632123520
13632123523
13632123524
13632123526
13632123527
13632123528
13632123529
13632123530
13632123531
13632123532
13632123533
13632123536
13632123537
13632123538
13632123540
13632123541
13632123542
13632123543
13632123544
13632123545
13632123546
13632123548
13632123549
13632123552
13632123553
13632123554
13632123558
13632123559
13632123560
13632123562
13632123564
13632123565
13632123566
13632123571
13632123572
13632123573
13632123574
13632123577
13632123578
13632123579
13632123580
13632123583
13632123584
13632123585
13632123586
13632123589
13632123592
13632123595
13632123596
13632123598
13632123599
13632123600
13632123601
13632123602
13632123604
13632123605
13632123608
13632123609
13632123610
13632123611
13632123612
13632123613
13632123615
13632123616
13632123618
13632123619
13632123620
13632123621
13632123622
13632123624
13632123628
13632123629
13632123630
13632123631
13632123634
13632123636
13632123638
13632123639
13632123640
13632123642
13632123645
13632123646
13632123649
13632123650
13632123651
13632123652
13632123653
13632123655
13632123656
13632123657
13632123658
13632123659
13632123660
13632123661
13632123662
13632123663
13632123664
13632123665
13632123669
13632123670
13632123672
13632123673
13632123674
13632123675
13632123676
13632123677
13632123679
13632123680
13632123681
13632123682
13632123683
13632123684
13632123685
13632123686
13632123687
13632123688
13632123689
13632123690
13632123691
13632123696
13632123697
13632123698
13632123699
13632123701
13632123702
13632123704
13632123705
13632123706
13632123707
13632123708
13632123709
13632123710
13632123711
13632123712
13632123713
13632123714
13632123715
13632123717
13632123720
13632123721
13632123724
13632123725
13632123726
13632123727
13632123728
13632123729
13632123730
13632123736
13632123738
13632123739
13632123740
13632123744
13632123749
13632123750
13632123751
13632123753
13632123754
13632123756
13632123757
13632123760
13632123762
13632123765
13632123766
13632123767
13632123768
13632123769
13632123772
13632123773
13632123774
13632123776
13632123777
13632123778
13632123780
13632123781
13632123782
13632123783
13632123784
13632123785
13632123787
13632123788
13632123789
13632123790
13632123791
13632123793
13632123795
13632123796
13632123797
13632123798
13632123799
13632123801
13632123802
13632123804
13632123805
13632123807
13632123808
13632123809
13632123811
13632123812
13632123813
13632123816
13632123817
13632123820
13632123821
13632123822
13632123823
13632123824
13632123825
13632123826
13632123827
13632123828
13632123829
13632123830
13632123831
13632123832
13632123833
13632123834
13632123835
13632123837
13632123838
13632123839
13632123840
13632123841
13632123842
13632123843
13632123846
13632123848
13632123850
13632123851
13632123853
13632123855
13632123858
13632123860
13632123861
13632123862
13632123863
13632123865
13632123866
13632123867
13632123869
13632123870
13632123877
13632123879
13632123881
13632123882
13632123884
13632123885
13632123887
13632123889
13632123891
13632123892
13632123893
13632123894
13632123895
13632123896
13632123897
13632123898
13632123899
13632123900
13632123901
13632123903
13632123904
13632123906
13632123907
13632123911
13632123912
13632123915
13632123917
13632123918
13632123920
13632123921
13632123922
13632123924
13632123926
13632123927
13632123928
13632123929
13632123930
13632123931
13632123932
13632123933
13632123935
13632123936
13632123937
13632123940
13632123941
13632123942
13632123945
13632123946
13632123948
13632123953
13632123954
13632123956
13632123958
13632123959
13632123961
13632123962
13632123964
13632123968
13632123969
13632123975
13632123976
13632123977
13632123978
13632123979
13632123981
13632123982
13632123983
13632123985
13632123986
13632123987
13632123988
13632123990
13632123991
13632123992
13632123993
13632123994
13632123995
13632123996
13632123997
13632123998
13632124001
13632124002
13632124003
13632124005
13632124006
13632124007
13632124008
13632124012
13632124013
13632124014
13632124015
13632124017
13632124019
13632124020
13632124025
13632124027
13632124028
13632124030
13632124031
13632124032
13632124033
13632124034
13632124036
13632124039
13632124041
13632124043
13632124044
13632124045
13632124046
13632124047
13632124048
13632124049
13632124050
13632124053
13632124056
13632124058
13632124059
13632124061
13632124062
13632124063
13632124067
13632124069
13632124070
13632124071
13632124072
13632124073
13632124074
13632124076
13632124077
13632124078
13632124079
13632124081
13632124083
13632124084
13632124085
13632124087
13632124088
13632124089
13632124090
13632124091
13632124093
13632124094
13632124095
13632124097
13632124099
13632124101
13632124104
13632124105
13632124107
13632124108
13632124109
13632124113
13632124114
13632124115
13632124116
13632124117
13632124118
13632124119
13632124120
13632124121
13632124122
13632124125
13632124126
13632124127
13632124128
13632124129
13632124131
13632124133
13632124134
13632124136
13632124138
13632124139
13632124144
13632124145
13632124146
13632124150
13632124151
13632124152
13632124153
13632124156
13632124157
13632124158
13632124159
13632124160
13632124161
13632124163
13632124164
13632124166
13632124167
13632124168
13632124169
13632124170
13632124174
13632124175
13632124176
13632124178
13632124179
13632124184
13632124185
13632124188
13632124190
13632124192
13632124193
13632124194
13632124195
13632124197
13632124200
13632124201
13632124202
13632124203
13632124204
13632124205
13632124206
13632124207
13632124208
13632124209
13632124210
13632124212
13632124213
13632124214
13632124215
13632124216
13632124217
13632124218
13632124220
13632124221
13632124224
13632124225
13632124226
13632124227
13632124228
13632124231
13632124236
13632124237
13632124239
13632124241
13632124243
13632124244
13632124247
13632124248
13632124249
13632124250
13632124252
13632124256
13632124257
13632124258
13632124261
13632124262
13632124264
13632124265
13632124269
13632124270
13632124271
13632124272
13632124275
13632124276
13632124277
13632124278
13632124280
13632124281
13632124282
13632124283
13632124284
13632124286
13632124287
13632124289
13632124290
13632124292
13632124293
13632124294
13632124295
13632124297
13632124301
13632124303
13632124305
13632124306
13632124308
13632124312
13632124315
13632124318
13632124323
13632124325
13632124326
13632124327
13632124328
13632124329
13632124330
13632124332
13632124334
13632124335
13632124338
13632124340
13632124341
13632124342
13632124347
13632124349
13632124350
13632124352
13632124353
13632124354
13632124355
13632124357
13632124358
13632124359
13632124360
13632124361
13632124362
13632124364
13632124365
13632124366
13632124368
13632124369
13632124371
13632124372
13632124373
13632124374
13632124375
13632124377
13632124379
13632124381
13632124382
13632124384
13632124385
13632124386
13632124388
13632124389
13632124390
13632124391
13632124392
13632124393
13632124394
13632124397
13632124398
13632124401
13632124403
13632124404
13632124405
13632124407
13632124408
13632124409
13632124410
13632124412
13632124413
13632124414
13632124415
13632124417
13632124419
13632124423
13632124424
13632124425
13632124426
13632124429
13632124431
13632124432
13632124433
13632124434
13632124435
13632124437
13632124438
13632124439
13632124440
13632124442
13632124446
13632124447
13632124448
13632124449
13632124450
13632124451
13632124454
13632124456
13632124458
13632124462
13632124463
13632124464
13632124465
13632124466
13632124468
13632124469
13632124470
13632124471
13632124474
13632124475
13632124476
13632124478
13632124479
13632124482
13632124484
13632124485
13632124486
13632124487
13632124488
13632124489
13632124490
13632124491
13632124492
13632124496
13632124497
13632124499
13632124501
13632124502
13632124503
13632124504
13632124505
13632124506
13632124507
13632124508
13632124509
13632124510
13632124512
13632124513
13632124517
13632124518
13632124519
13632124520
13632124521
13632124523
13632124524
13632124526
13632124528
13632124531
13632124532
13632124534
13632124537
13632124538
13632124539
13632124540
13632124541
13632124544
13632124546
13632124547
13632124548
13632124550
13632124551
13632124552
13632124554
13632124557
13632124558
13632124560
13632124561
13632124563
13632124564
13632124565
13632124567
13632124570
13632124571
13632124572
13632124573
13632124575
13632124576
13632124577
13632124579
13632124581
13632124582
13632124583
13632124584
13632124585
13632124586
13632124587
13632124588
13632124589
13632124591
13632124594
13632124595
13632124597
13632124598
13632124601
13632124602
13632124603
13632124607
13632124608
13632124610
13632124611
13632124612
13632124613
13632124615
13632124616
13632124619
13632124620
13632124621
13632124623
13632124624
13632124625
13632124626
13632124627
13632124628
13632124630
13632124632
13632124634
13632124635
13632124636
13632124638
13632124640
13632124641
13632124642
13632124644
13632124645
13632124647
13632124648
13632124653
13632124655
13632124656
13632124657
13632124658
13632124660
13632124661
13632124662
13632124663
13632124664
13632124665
13632124668
13632124669
13632124671
13632124672
13632124673
13632124674
13632124676
13632124677
13632124679
13632124680
13632124682
13632124683
13632124684
13632124686
13632124687
13632124688
13632124689
13632124690
13632124691
13632124692
13632124693
13632124694
13632124695
13632124696
13632124698
13632124701
13632124702
13632124703
13632124704
13632124705
13632124706
13632124708
13632124709
13632124710
13632124712
13632124713
13632124714
13632124715
13632124716
13632124718
13632124719
13632124720
13632124721
13632124723
13632124725
13632124726
13632124728
13632124729
13632124730
13632124731
13632124735
13632124738
13632124739
13632124741
13632124742
13632124743
13632124744
13632124745
13632124746
13632124748
13632124749
13632124750
13632124751
13632124752
13632124753
13632124755
13632124757
13632124759
13632124760
13632124761
13632124762
13632124763
13632124764
13632124766
13632124769
13632124770
13632124771
13632124772
13632124775
13632124778
13632124781
13632124783
13632124785
13632124786
13632124787
13632124788
13632124790
13632124791
13632124794
13632124795
13632124796
13632124797
13632124798
13632124800
13632124801
13632124802
13632124804
13632124805
13632124806
13632124807
13632124808
13632124809
13632124810
13632124812
13632124814
13632124815
13632124816
13632124817
13632124818
13632124820
13632124821
13632124822
13632124823
13632124824
13632124825
13632124826
13632124827
13632124828
13632124829
13632124832
13632124833
13632124834
13632124836
13632124838
13632124839
13632124840
13632124842
13632124847
13632124848
13632124849
13632124850
13632124851
13632124852
13632124853
13632124854
13632124855
13632124856
13632124857
13632124858
13632124859
13632124863
13632124864
13632124865
13632124866
13632124867
13632124869
13632124873
13632124874
13632124878
13632124879
13632124880
13632124881
13632124882
13632124885
13632124886
13632124887
13632124889
13632124890
13632124891
13632124892
13632124893
13632124894
13632124896
13632124897
13632124898
13632124902
13632124904
13632124905
13632124906
13632124908
13632124909
13632124910
13632124911
13632124912
13632124915
13632124916
13632124917
13632124918
13632124919
13632124920
13632124921
13632124923
13632124924
13632124926
13632124927
13632124929
13632124932
13632124935
13632124936
13632124937
13632124938
13632124939
13632124940
13632124941
13632124942
13632124944
13632124946
13632124947
13632124948
13632124950
13632124951
13632124954
13632124955
13632124956
13632124957
13632124958
13632124959
13632124960
13632124962
13632124963
13632124964
13632124966
13632124967
13632124968
13632124969
13632124970
13632124971
13632124974
13632124975
13632124976
13632124978
13632124979
13632124980
13632124981
13632124985
13632124986
13632124987
13632124988
13632124990
13632124991
13632124992
13632124993
13632124995
13632124996
13632124997
13632125001
13632125003
13632125004
13632125005
13632125006
13632125007
13632125008
13632125009
13632125010
13632125012
13632125013
13632125015
13632125016
13632125018
13632125019
13632125020
13632125021
13632125023
13632125026
13632125028
13632125029
13632125030
13632125031
13632125035
13632125036
13632125037
13632125038
13632125039
13632125041
13632125042
13632125044
13632125046
13632125047
13632125048
13632125049
13632125050
13632125052
13632125053
13632125054
13632125055
13632125056
13632125057
13632125058
13632125059
13632125060
13632125061
13632125062
13632125066
13632125067
13632125068
13632125069
13632125070
13632125071
13632125073
13632125074
13632125075
13632125077
13632125079
13632125080
13632125082
13632125084
13632125085
13632125088
13632125089
13632125092
13632125093
13632125095
13632125096
13632125099
13632125101
13632125102
13632125104
13632125106
13632125109
13632125110
13632125112
13632125113
13632125115
13632125118
13632125123
13632125124
13632125127
13632125128
13632125129
13632125132
13632125133
13632125134
13632125135
13632125136
13632125137
13632125138
13632125139
13632125140
13632125142
13632125143
13632125148
13632125150
13632125151
13632125153
13632125154
13632125155
13632125157
13632125158
13632125160
13632125162
13632125163
13632125164
13632125166
13632125167
13632125169
13632125170
13632125171
13632125172
13632125173
13632125174
13632125175
13632125176
13632125177
13632125179
13632125180
13632125181
13632125182
13632125183
13632125184
13632125185
13632125186
13632125187
13632125188
13632125189
13632125191
13632125194
13632125195
13632125197
13632125199
13632125200
13632125201
13632125202
13632125204
13632125205
13632125208
13632125209
13632125210
13632125212
13632125213
13632125214
13632125217
13632125218
13632125220
13632125221
13632125225
13632125227
13632125229
13632125230
13632125232
13632125234
13632125235
13632125236
13632125237
13632125239
13632125242
13632125243
13632125244
13632125245
13632125246
13632125248
13632125249
13632125250
13632125253
13632125255
13632125256
13632125258
13632125260
13632125261
13632125262
13632125263
13632125264
13632125265
13632125266
13632125268
13632125269
13632125271
13632125273
13632125274
13632125275
13632125276
13632125277
13632125278
13632125279
13632125281
13632125282
13632125284
13632125286
13632125288
13632125289
13632125291
13632125292
13632125293
13632125295
13632125298
13632125299
13632125302
13632125303
13632125304
13632125305
13632125306
13632125307
13632125308
13632125309
13632125310
13632125312
13632125313
13632125315
13632125316
13632125317
13632125319
13632125320
13632125321
13632125323
13632125325
13632125326
13632125327
13632125328
13632125329
13632125330
13632125331
13632125332
13632125334
13632125335
13632125336
13632125337
13632125339
13632125340
13632125341
13632125342
13632125343
13632125344
13632125345
13632125346
13632125347
13632125351
13632125353
13632125354
13632125355
13632125356
13632125357
13632125358
13632125359
13632125361
13632125363
13632125364
13632125365
13632125366
13632125368
13632125369
13632125371
13632125373
13632125376
13632125377
13632125378
13632125379
13632125381
13632125383
13632125385
13632125386
13632125387
13632125388
13632125391
13632125392
13632125394
13632125396
13632125397
13632125398
13632125399
13632125400
13632125401
13632125402
13632125403
13632125404
13632125405
13632125408
13632125409
13632125410
13632125416
13632125417
13632125418
13632125419
13632125420
13632125421
13632125423
13632125428
13632125429
13632125430
13632125431
13632125433
13632125434
13632125438
13632125441
13632125442
13632125443
13632125446
13632125447
13632125449
13632125451
13632125452
13632125458
13632125459
13632125464
13632125466
13632125469
13632125470
13632125471
13632125474
13632125475
13632125476
13632125478
13632125479
13632125480
13632125481
13632125482
13632125483
13632125484
13632125486
13632125487
13632125489
13632125491
13632125492
13632125493
13632125494
13632125495
13632125496
13632125498
13632125499
13632125500
13632125502
13632125505
13632125507
13632125508
13632125509
13632125512
13632125513
13632125514
13632125515
13632125516
13632125517
13632125518
13632125519
13632125520
13632125522
13632125523
13632125525
13632125526
13632125527
13632125528
13632125529
13632125530
13632125531
13632125532
13632125533
13632125535
13632125536
13632125538
13632125539
13632125541
13632125542
13632125543
13632125545
13632125549
13632125550
13632125552
13632125553
13632125556
13632125557
13632125558
13632125559
13632125561
13632125563
13632125564
13632125565
13632125566
13632125567
13632125568
13632125569
13632125570
13632125571
13632125572
13632125573
13632125574
13632125577
13632125578
13632125579
13632125580
13632125581
13632125583
13632125584
13632125585
13632125586
13632125588
13632125590
13632125592
13632125593
13632125594
13632125595
13632125596
13632125597
13632125598
13632125599
13632125600
13632125601
13632125602
13632125604
13632125605
13632125606
13632125607
13632125608
13632125609
13632125610
13632125611
13632125612
13632125616
13632125618
13632125619
13632125621
13632125623
13632125624
13632125625
13632125626
13632125627
13632125630
13632125632
13632125633
13632125634
13632125636
13632125638
13632125639
13632125641
13632125642
13632125644
13632125645
13632125647
13632125648
13632125649
13632125650
13632125652
13632125653
13632125654
13632125655
13632125656
13632125657
13632125658
13632125659
13632125660
13632125661
13632125662
13632125664
13632125670
13632125671
13632125673
13632125674
13632125675
13632125677
13632125678
13632125679
13632125681
13632125683
13632125687
13632125688
13632125690
13632125693
13632125694
13632125695
13632125699
13632125701
13632125702
13632125704
13632125705
13632125708
13632125711
13632125712
13632125713
13632125714
13632125715
13632125716
13632125718
13632125720
13632125721
13632125727
13632125728
13632125729
13632125730
13632125731
13632125732
13632125735
13632125736
13632125737
13632125738
13632125739
13632125740
13632125741
13632125743
13632125744
13632125745
13632125746
13632125747
13632125748
13632125749
13632125750
13632125751
13632125753
13632125754
13632125756
13632125758
13632125760
13632125764
13632125768
13632125770
13632125771
13632125772
13632125773
13632125775
13632125776
13632125777
13632125778
13632125780
13632125781
13632125783
13632125784
13632125785
13632125786
13632125787
13632125788
13632125789
13632125790
13632125791
13632125792
13632125794
13632125795
13632125796
13632125802
13632125803
13632125804
13632125805
13632125808
13632125810
13632125812
13632125813
13632125814
13632125815
13632125816
13632125817
13632125818
13632125820
13632125823
13632125824
13632125825
13632125827
13632125830
13632125831
13632125832
13632125834
13632125835
13632125836
13632125837
13632125838
13632125839
13632125840
13632125842
13632125843
13632125844
13632125845
13632125846
13632125847
13632125848
13632125849
13632125851
13632125852
13632125853
13632125854
13632125855
13632125857
13632125858
13632125859
13632125862
13632125863
13632125864
13632125865
13632125867
13632125868
13632125871
13632125872
13632125873
13632125874
13632125876
13632125878
13632125879
13632125880
13632125881
13632125882
13632125883
13632125884
13632125887
13632125891
13632125892
13632125893
13632125895
13632125896
13632125899
13632125901
13632125902
13632125904
13632125905
13632125906
13632125907
13632125908
13632125909
13632125910
13632125912
13632125914
13632125915
13632125916
13632125918
13632125920
13632125921
13632125923
13632125924
13632125926
13632125928
13632125929
13632125930
13632125934
13632125936
13632125940
13632125942
13632125943
13632125944
13632125945
13632125946
13632125948
13632125951
13632125952
13632125954
13632125956
13632125957
13632125958
13632125959
13632125960
13632125962
13632125963
13632125965
13632125966
13632125967
13632125968
13632125969
13632125972
13632125973
13632125974
13632125975
13632125976
13632125977
13632125978
13632125979
13632125981
13632125982
13632125983
13632125984
13632125985
13632125986
13632125987
13632125988
13632125990
13632125991
13632125992
13632125995
13632125996
13632125998
13632126001
13632126002
13632126003
13632126006
13632126008
13632126009
13632126010
13632126012
13632126013
13632126014
13632126015
13632126018
13632126019
13632126021
13632126022
13632126023
13632126024
13632126025
13632126026
13632126027
13632126028
13632126029
13632126030
13632126032
13632126033
13632126035
13632126036
13632126038
13632126042
13632126043
13632126044
13632126045
13632126048
13632126050
13632126051
13632126052
13632126053
13632126054
13632126056
13632126059
13632126060
13632126062
13632126063
13632126066
13632126068
13632126070
13632126071
13632126072
13632126074
13632126075
13632126076
13632126077
13632126078
13632126079
13632126081
13632126083
13632126085
13632126086
13632126087
13632126088
13632126089
13632126091
13632126093
13632126096
13632126097
13632126098
13632126099
13632126101
13632126102
13632126103
13632126104
13632126105
13632126106
13632126107
13632126108
13632126110
13632126111
13632126112
13632126113
13632126114
13632126115
13632126117
13632126120
13632126122
13632126123
13632126124
13632126125
13632126128
13632126130
13632126131
13632126132
13632126133
13632126134
13632126135
13632126136
13632126137
13632126138
13632126139
13632126141
13632126142
13632126143
13632126144
13632126145
13632126147
13632126148
13632126149
13632126151
13632126153
13632126157
13632126158
13632126159
13632126160
13632126162
13632126163
13632126165
13632126166
13632126168
13632126169
13632126170
13632126172
13632126173
13632126174
13632126175
13632126176
13632126178
13632126179
13632126180
13632126181
13632126184
13632126187
13632126188
13632126189
13632126190
13632126191
13632126193
13632126194
13632126195
13632126197
13632126198
13632126199
13632126200
13632126201
13632126202
13632126203
13632126204
13632126205
13632126206
13632126208
13632126209
13632126211
13632126212
13632126213
13632126215
13632126216
13632126217
13632126218
13632126220
13632126221
13632126223
13632126224
13632126226
13632126228
13632126229
13632126230
13632126231
13632126232
13632126233
13632126234
13632126235
13632126236
13632126238
13632126239
13632126241
13632126242
13632126244
13632126245
13632126246
13632126248
13632126253
13632126254
13632126255
13632126256
13632126257
13632126258
13632126259
13632126260
13632126261
13632126262
13632126263
13632126264
13632126266
13632126267
13632126269
13632126270
13632126271
13632126272
13632126273
13632126274
13632126275
13632126276
13632126277
13632126281
13632126283
13632126284
13632126286
13632126287
13632126289
13632126290
13632126291
13632126292
13632126293
13632126295
13632126298
13632126299
13632126300
13632126302
13632126303
13632126304
13632126308
13632126309
13632126310
13632126313
13632126314
13632126316
13632126317
13632126318
13632126319
13632126320
13632126321
13632126326
13632126327
13632126328
13632126329
13632126331
13632126334
13632126335
13632126336
13632126338
13632126339
13632126340
13632126341
13632126342
13632126345
13632126348
13632126349
13632126350
13632126351
13632126352
13632126353
13632126354
13632126356
13632126359
13632126360
13632126362
13632126363
13632126366
13632126367
13632126368
13632126369
13632126370
13632126374
13632126375
13632126376
13632126377
13632126379
13632126380
13632126382
13632126383
13632126384
13632126388
13632126392
13632126393
13632126394
13632126395
13632126396
13632126397
13632126398
13632126399
13632126401
13632126402
13632126403
13632126404
13632126406
13632126408
13632126409
13632126410
13632126413
13632126414
13632126418
13632126419
13632126420
13632126421
13632126424
13632126425
13632126426
13632126427
13632126429
13632126430
13632126434
13632126436
13632126438
13632126439
13632126440
13632126441
13632126443
13632126444
13632126445
13632126447
13632126448
13632126450
13632126453
13632126454
13632126456
13632126460
13632126461
13632126462
13632126463
13632126465
13632126466
13632126468
13632126469
13632126470
13632126472
13632126473
13632126474
13632126475
13632126476
13632126478
13632126479
13632126480
13632126481
13632126482
13632126484
13632126485
13632126486
13632126487
13632126488
13632126489
13632126491
13632126492
13632126493
13632126494
13632126496
13632126498
13632126501
13632126502
13632126503
13632126504
13632126505
13632126507
13632126508
13632126509
13632126510
13632126512
13632126514
13632126515
13632126516
13632126517
13632126518
13632126519
13632126521
13632126524
13632126525
13632126527
13632126528
13632126529
13632126532
13632126534
13632126535
13632126538
13632126539
13632126540
13632126541
13632126544
13632126546
13632126547
13632126548
13632126549
13632126550
13632126551
13632126554
13632126556
13632126558
13632126560
13632126561
13632126562
13632126563
13632126564
13632126566
13632126567
13632126568
13632126569
13632126572
13632126574
13632126575
13632126577
13632126578
13632126579
13632126580
13632126581
13632126583
13632126584
13632126585
13632126586
13632126587
13632126588
13632126589
13632126590
13632126591
13632126592
13632126593
13632126594
13632126596
13632126597
13632126600
13632126601
13632126602
13632126603
13632126605
13632126606
13632126608
13632126610
13632126611
13632126612
13632126613
13632126615
13632126616
13632126618
13632126619
13632126620
13632126624
13632126625
13632126627
13632126628
13632126630
13632126631
13632126632
13632126633
13632126635
13632126638
13632126641
13632126642
13632126643
13632126645
13632126646
13632126648
13632126649
13632126654
13632126655
13632126656
13632126658
13632126659
13632126660
13632126661
13632126662
13632126663
13632126664
13632126667
13632126668
13632126670
13632126671
13632126672
13632126673
13632126676
13632126678
13632126679
13632126681
13632126682
13632126683
13632126684
13632126685
13632126686
13632126688
13632126689
13632126691
13632126692
13632126693
13632126694
13632126695
13632126696
13632126698
13632126699
13632126701
13632126702
13632126703
13632126704
13632126705
13632126706
13632126707
13632126708
13632126709
13632126712
13632126713
13632126714
13632126715
13632126716
13632126717
13632126718
13632126719
13632126720
13632126723
13632126724
13632126725
13632126726
13632126727
13632126728
13632126730
13632126731
13632126732
13632126736
13632126739
13632126741
13632126744
13632126747
13632126748
13632126750
13632126751
13632126752
13632126756
13632126757
13632126758
13632126759
13632126761
13632126763
13632126766
13632126768
13632126772
13632126773
13632126778
13632126779
13632126781
13632126782
13632126783
13632126785
13632126786
13632126787
13632126788
13632126789
13632126790
13632126795
13632126796
13632126801
13632126803
13632126805
13632126808
13632126809
13632126810
13632126816
13632126818
13632126821
13632126822
13632126823
13632126824
13632126825
13632126826
13632126827
13632126828
13632126831
13632126832
13632126833
13632126834
13632126836
13632126837
13632126838
13632126839
13632126840
13632126841
13632126844
13632126845
13632126846
13632126847
13632126848
13632126849
13632126850
13632126851
13632126852
13632126853
13632126856
13632126857
13632126859
13632126861
13632126862
13632126863
13632126864
13632126866
13632126868
13632126870
13632126871
13632126872
13632126873
13632126874
13632126875
13632126876
13632126878
13632126879
13632126880
13632126881
13632126882
13632126883
13632126885
13632126887
13632126889
13632126890
13632126892
13632126895
13632126896
13632126897
13632126898
13632126899
13632126900
13632126901
13632126902
13632126903
13632126904
13632126905
13632126906
13632126907
13632126908
13632126909
13632126912
13632126914
13632126917
13632126919
13632126921
13632126926
13632126927
13632126929
13632126931
13632126932
13632126934
13632126935
13632126936
13632126938
13632126939
13632126942
13632126944
13632126945
13632126946
13632126947
13632126948
13632126949
13632126956
13632126958
13632126959
13632126960
13632126963
13632126964
13632126965
13632126966
13632126968
13632126969
13632126970
13632126971
13632126973
13632126974
13632126976
13632126977
13632126978
13632126980
13632126981
13632126982
13632126983
13632126984
13632126985
13632126986
13632126988
13632126989
13632126990
13632126992
13632126993
13632126994
13632126995
13632126997
13632126998
13632127001
13632127002
13632127003
13632127006
13632127007
13632127008
13632127009
13632127010
13632127012
13632127013
13632127014
13632127016
13632127018
13632127019
13632127020
13632127023
13632127024
13632127026
13632127028
13632127029
13632127030
13632127031
13632127032
13632127034
13632127036
13632127041
13632127042
13632127044
13632127045
13632127047
13632127048
13632127049
13632127050
13632127051
13632127054
13632127056
13632127059
13632127060
13632127061
13632127063
13632127065
13632127066
13632127070
13632127071
13632127073
13632127076
13632127077
13632127079
13632127080
13632127082
13632127083
13632127084
13632127085
13632127086
13632127087
13632127088
13632127089
13632127090
13632127091
13632127092
13632127096
13632127097
13632127098
13632127101
13632127102
13632127104
13632127106
13632127107
13632127108
13632127109
13632127110
13632127112
13632127114
13632127115
13632127116
13632127117
13632127118
13632127119
13632127120
13632127124
13632127125
13632127126
13632127128
13632127129
13632127135
13632127136
13632127137
13632127139
13632127140
13632127141
13632127142
13632127143
13632127144
13632127145
13632127146
13632127148
13632127149
13632127150
13632127151
13632127152
13632127153
13632127158
13632127159
13632127162
13632127163
13632127165
13632127166
13632127167
13632127168
13632127169
13632127170
13632127172
13632127174
13632127175
13632127176
13632127177
13632127178
13632127179
13632127180
13632127181
13632127182
13632127183
13632127186
13632127187
13632127189
13632127190
13632127191
13632127193
13632127195
13632127196
13632127198
13632127201
13632127204
13632127205
13632127206
13632127207
13632127208
13632127212
13632127213
13632127214
13632127215
13632127216
13632127220
13632127221
13632127224
13632127226
13632127228
13632127229
13632127230
13632127231
13632127232
13632127234
13632127235
13632127236
13632127237
13632127239
13632127242
13632127243
13632127244
13632127246
13632127247
13632127248
13632127249
13632127252
13632127256
13632127258
13632127259
13632127260
13632127262
13632127263
13632127264
13632127266
13632127267
13632127268
13632127269
13632127270
13632127274
13632127275
13632127277
13632127278
13632127279
13632127281
13632127282
13632127283
13632127284
13632127285
13632127286
13632127287
13632127288
13632127289
13632127290
13632127291
13632127294
13632127295
13632127296
13632127298
13632127299
13632127301
13632127306
13632127307
13632127309
13632127310
13632127311
13632127312
13632127313
13632127314
13632127316
13632127318
13632127320
13632127321
13632127324
13632127325
13632127326
13632127327
13632127328
13632127329
13632127330
13632127331
13632127332
13632127336
13632127337
13632127338
13632127340
13632127341
13632127343
13632127347
13632127348
13632127350
13632127352
13632127353
13632127354
13632127356
13632127358
13632127361
13632127363
13632127365
13632127367
13632127369
13632127371
13632127375
13632127376
13632127377
13632127378
13632127379
13632127380
13632127381
13632127389
13632127390
13632127392
13632127394
13632127395
13632127397
13632127398
13632127399
13632127402
13632127403
13632127404
13632127406
13632127407
13632127408
13632127409
13632127410
13632127412
13632127413
13632127415
13632127416
13632127417
13632127418
13632127419
13632127420
13632127421
13632127428
13632127430
13632127431
13632127432
13632127434
13632127435
13632127437
13632127441
13632127442
13632127444
13632127445
13632127446
13632127449
13632127450
13632127451
13632127452
13632127454
13632127456
13632127457
13632127459
13632127460
13632127461
13632127465
13632127467
13632127469
13632127471
13632127473
13632127475
13632127478
13632127480
13632127481
13632127482
13632127483
13632127485
13632127486
13632127487
13632127490
13632127493
13632127495
13632127496
13632127497
13632127498
13632127503
13632127504
13632127505
13632127506
13632127508
13632127509
13632127512
13632127514
13632127516
13632127517
13632127518
13632127519
13632127520
13632127521
13632127523
13632127524
13632127526
13632127527
13632127529
13632127530
13632127534
13632127536
13632127537
13632127538
13632127539
13632127540
13632127541
13632127543
13632127544
13632127545
13632127546
13632127548
13632127549
13632127550
13632127551
13632127552
13632127553
13632127557
13632127559
13632127560
13632127561
13632127562
13632127565
13632127566
13632127567
13632127568
13632127572
13632127573
13632127574
13632127576
13632127577
13632127579
13632127581
13632127582
13632127583
13632127584
13632127585
13632127587
13632127588
13632127589
13632127590
13632127591
13632127592
13632127593
13632127595
13632127596
13632127597
13632127598
13632127601
13632127602
13632127603
13632127605
13632127608
13632127609
13632127610
13632127612
13632127614
13632127615
13632127616
13632127617
13632127618
13632127619
13632127621
13632127623
13632127628
13632127629
13632127631
13632127632
13632127634
13632127635
13632127636
13632127637
13632127638
13632127639
13632127640
13632127641
13632127642
13632127643
13632127646
13632127647
13632127649
13632127650
13632127651
13632127652
13632127653
13632127654
13632127657
13632127658
13632127659
13632127660
13632127664
13632127665
13632127667
13632127668
13632127670
13632127672
13632127673
13632127674
13632127675
13632127680
13632127682
13632127684
13632127685
13632127686
13632127687
13632127688
13632127689
13632127690
13632127692
13632127693
13632127694
13632127696
13632127697
13632127698
13632127701
13632127702
13632127703
13632127704
13632127706
13632127707
13632127708
13632127709
13632127712
13632127713
13632127714
13632127716
13632127717
13632127718
13632127719
13632127723
13632127724
13632127725
13632127726
13632127727
13632127729
13632127730
13632127731
13632127732
13632127733
13632127734
13632127735
13632127736
13632127738
13632127739
13632127740
13632127742
13632127743
13632127745
13632127746
13632127747
13632127749
13632127750
13632127752
13632127753
13632127755
13632127756
13632127757
13632127758
13632127760
13632127761
13632127762
13632127764
13632127765
13632127766
13632127767
13632127768
13632127770
13632127772
13632127774
13632127775
13632127776
13632127778
13632127779
13632127780
13632127781
13632127782
13632127784
13632127785
13632127788
13632127789
13632127790
13632127792
13632127793
13632127794
13632127796
13632127798
13632127799
13632127801
13632127802
13632127803
13632127804
13632127806
13632127807
13632127809
13632127812
13632127814
13632127816
13632127818
13632127819
13632127821
13632127825
13632127826
13632127827
13632127828
13632127829
13632127831
13632127833
13632127835
13632127836
13632127837
13632127838
13632127840
13632127841
13632127843
13632127844
13632127845
13632127846
13632127849
13632127850
13632127851
13632127852
13632127853
13632127857
13632127858
13632127860
13632127861
13632127862
13632127863
13632127864
13632127865
13632127866
13632127867
13632127868
13632127869
13632127870
13632127871
13632127872
13632127873
13632127874
13632127876
13632127878
13632127879
13632127880
13632127881
13632127882
13632127883
13632127884
13632127885
13632127887
13632127889
13632127892
13632127895
13632127898
13632127899
13632127902
13632127903
13632127904
13632127905
13632127906
13632127907
13632127908
13632127909
13632127914
13632127917
13632127918
13632127919
13632127920
13632127921
13632127923
13632127926
13632127928
13632127929
13632127931
13632127934
13632127935
13632127938
13632127939
13632127940
13632127944
13632127945
13632127946
13632127947
13632127948
13632127949
13632127951
13632127952
13632127953
13632127954
13632127956
13632127957
13632127961
13632127962
13632127963
13632127964
13632127965
13632127968
13632127969
13632127970
13632127972
13632127973
13632127974
13632127975
13632127977
13632127978
13632127979
13632127980
13632127981
13632127982
13632127983
13632127984
13632127986
13632127987
13632127989
13632127990
13632127991
13632127992
13632127994
13632127995
13632127996
13632127997
13632127998
13632128002
13632128005
13632128006
13632128008
13632128009
13632128010
13632128012
13632128013
13632128014
13632128015
13632128016
13632128017
13632128018
13632128020
13632128023
13632128027
13632128028
13632128029
13632128030
13632128034
13632128035
13632128036
13632128037
13632128038
13632128040
13632128041
13632128042
13632128043
13632128044
13632128049
13632128050
13632128052
13632128053
13632128057
13632128059
13632128060
13632128061
13632128062
13632128063
13632128066
13632128068
13632128069
13632128070
13632128071
13632128072
13632128073
13632128074
13632128075
13632128076
13632128079
13632128080
13632128082
13632128083
13632128084
13632128085
13632128086
13632128087
13632128088
13632128089
13632128090
13632128092
13632128093
13632128094
13632128095
13632128096
13632128097
13632128098
13632128099
13632128102
13632128103
13632128104
13632128106
13632128107
13632128108
13632128109
13632128114
13632128115
13632128116
13632128117
13632128118
13632128119
13632128121
13632128123
13632128124
13632128126
13632128129
13632128130
13632128131
13632128132
13632128134
13632128135
13632128136
13632128138
13632128140
13632128141
13632128142
13632128143
13632128144
13632128146
13632128147
13632128149
13632128150
13632128151
13632128152
13632128153
13632128157
13632128158
13632128159
13632128161
13632128163
13632128164
13632128165
13632128168
13632128170
13632128171
13632128173
13632128175
13632128178
13632128179
13632128180
13632128182
13632128184
13632128185
13632128186
13632128191
13632128195
13632128196
13632128197
13632128198
13632128199
13632128201
13632128202
13632128203
13632128204
13632128205
13632128207
13632128208
13632128209
13632128212
13632128213
13632128214
13632128215
13632128216
13632128217
13632128218
13632128219
13632128222
13632128223
13632128225
13632128226
13632128228
13632128229
13632128230
13632128231
13632128232
13632128233
13632128235
13632128236
13632128238
13632128240
13632128242
13632128243
13632128244
13632128246
13632128247
13632128248
13632128250
13632128252
13632128253
13632128254
13632128258
13632128259
13632128261
13632128262
13632128263
13632128264
13632128265
13632128267
13632128268
13632128270
13632128271
13632128272
13632128273
13632128274
13632128276
13632128277
13632128278
13632128279
13632128281
13632128282
13632128284
13632128287
13632128288
13632128290
13632128291
13632128292
13632128293
13632128294
13632128298
13632128299
13632128301
13632128305
13632128306
13632128307
13632128308
13632128309
13632128310
13632128312
13632128313
13632128318
13632128320
13632128321
13632128323
13632128324
13632128325
13632128327
13632128329
13632128330
13632128331
13632128332
13632128334
13632128338
13632128339
13632128343
13632128344
13632128345
13632128346
13632128347
13632128348
13632128349
13632128350
13632128351
13632128352
13632128353
13632128354
13632128358
13632128359
13632128360
13632128361
13632128363
13632128366
13632128367
13632128369
13632128370
13632128371
13632128373
13632128377
13632128378
13632128380
13632128381
13632128382
13632128383
13632128384
13632128387
13632128390
13632128392
13632128393
13632128394
13632128396
13632128397
13632128398
13632128401
13632128402
13632128403
13632128404
13632128405
13632128406
13632128407
13632128408
13632128409
13632128410
13632128412
13632128413
13632128415
13632128416
13632128417
13632128418
13632128421
13632128423
13632128424
13632128425
13632128427
13632128428
13632128429
13632128431
13632128438
13632128439
13632128441
13632128442
13632128443
13632128444
13632128445
13632128446
13632128448
13632128449
13632128450
13632128452
13632128456
13632128459
13632128461
13632128463
13632128465
13632128467
13632128468
13632128469
13632128471
13632128472
13632128473
13632128474
13632128475
13632128476
13632128477
13632128478
13632128479
13632128480
13632128481
13632128482
13632128483
13632128485
13632128487
13632128488
13632128490
13632128491
13632128492
13632128493
13632128494
13632128495
13632128496
13632128497
13632128498
13632128501
13632128502
13632128503
13632128504
13632128505
13632128506
13632128507
13632128508
13632128509
13632128510
13632128511
13632128512
13632128513
13632128514
13632128515
13632128516
13632128517
13632128518
13632128519
13632128520
13632128521
13632128523
13632128524
13632128525
13632128527
13632128528
13632128529
13632128530
13632128531
13632128534
13632128535
13632128536
13632128538
13632128539
13632128540
13632128541
13632128543
13632128546
13632128547
13632128548
13632128550
13632128552
13632128553
13632128554
13632128556
13632128557
13632128558
13632128561
13632128563
13632128565
13632128567
13632128568
13632128569
13632128570
13632128572
13632128573
13632128574
13632128575
13632128576
13632128577
13632128578
13632128579
13632128580
13632128581
13632128584
13632128585
13632128586
13632128587
13632128589
13632128590
13632128591
13632128592
13632128593
13632128594
13632128596
13632128598
13632128599
13632128601
13632128602
13632128604
13632128606
13632128607
13632128609
13632128612
13632128613
13632128616
13632128618
13632128620
13632128621
13632128623
13632128624
13632128626
13632128627
13632128628
13632128629
13632128630
13632128632
13632128633
13632128634
13632128636
13632128637
13632128638
13632128639
13632128640
13632128641
13632128642
13632128644
13632128645
13632128646
13632128647
13632128650
13632128651
13632128652
13632128657
13632128658
13632128659
13632128661
13632128664
13632128665
13632128667
13632128668
13632128670
13632128675
13632128676
13632128678
13632128679
13632128680
13632128681
13632128682
13632128684
13632128686
13632128688
13632128689
13632128692
13632128694
13632128696
13632128697
13632128698
13632128699
13632128701
13632128703
13632128712
13632128713
13632128715
13632128717
13632128718
13632128719
13632128721
13632128723
13632128724
13632128726
13632128727
13632128730
13632128731
13632128732
13632128735
13632128736
13632128737
13632128738
13632128739
13632128740
13632128742
13632128743
13632128744
13632128745
13632128746
13632128747
13632128748
13632128749
13632128750
13632128751
13632128752
13632128753
13632128756
13632128757
13632128758
13632128762
13632128763
13632128764
13632128766
13632128768
13632128771
13632128772
13632128774
13632128775
13632128776
13632128777
13632128778
13632128779
13632128780
13632128781
13632128783
13632128785
13632128786
13632128787
13632128788
13632128789
13632128790
13632128791
13632128793
13632128794
13632128795
13632128797
13632128798
13632128799
13632128802
13632128803
13632128804
13632128805
13632128807
13632128808
13632128809
13632128810
13632128811
13632128813
13632128815
13632128816
13632128818
13632128819
13632128820
13632128821
13632128822
13632128824
13632128825
13632128827
13632128829
13632128830
13632128831
13632128832
13632128833
13632128834
13632128835
13632128836
13632128837
13632128839
13632128840
13632128841
13632128842
13632128843
13632128847
13632128849
13632128850
13632128851
13632128852
13632128854
13632128855
13632128857
13632128859
13632128863
13632128864
13632128865
13632128866
13632128867
13632128868
13632128869
13632128870
13632128871
13632128872
13632128873
13632128874
13632128875
13632128876
13632128877
13632128878
13632128880
13632128883
13632128885
13632128886
13632128887
13632128888
13632128891
13632128892
13632128894
13632128895
13632128896
13632128897
13632128898
13632128899
13632128903
13632128905
13632128906
13632128907
13632128908
13632128909
13632128910
13632128914
13632128916
13632128918
13632128920
13632128924
13632128926
13632128928
13632128929
13632128930
13632128931
13632128932
13632128933
13632128934
13632128935
13632128937
13632128938
13632128939
13632128940
13632128943
13632128944
13632128945
13632128946
13632128947
13632128949
13632128950
13632128951
13632128952
13632128954
13632128956
13632128957
13632128959
13632128960
13632128961
13632128962
13632128963
13632128964
13632128965
13632128966
13632128968
13632128969
13632128971
13632128972
13632128974
13632128977
13632128979
13632128981
13632128982
13632128983
13632128987
13632128988
13632128990
13632128992
13632128993
13632128994
13632128995
13632128996
13632128997
13632128998
13632129001
13632129002
13632129003
13632129004
13632129006
13632129007
13632129008
13632129009
13632129010
13632129012
13632129014
13632129015
13632129016
13632129017
13632129018
13632129019
13632129020
13632129021
13632129023
13632129024
13632129025
13632129026
13632129028
13632129029
13632129034
13632129035
13632129036
13632129037
13632129038
13632129039
13632129041
13632129044
13632129046
13632129047
13632129048
13632129049
13632129050
13632129051
13632129056
13632129058
13632129060
13632129061
13632129062
13632129063
13632129066
13632129067
13632129069
13632129070
13632129071
13632129072
13632129074
13632129075
13632129076
13632129077
13632129078
13632129079
13632129080
13632129083
13632129084
13632129085
13632129086
13632129088
13632129089
13632129090
13632129092
13632129093
13632129094
13632129095
13632129101
13632129103
13632129104
13632129106
13632129107
13632129108
13632129112
13632129113
13632129114
13632129115
13632129116
13632129117
13632129118
13632129119
13632129120
13632129121
13632129123
13632129124
13632129125
13632129126
13632129127
13632129128
13632129130
13632129131
13632129132
13632129134
13632129137
13632129138
13632129139
13632129142
13632129144
13632129145
13632129146
13632129148
13632129149
13632129151
13632129152
13632129153
13632129157
13632129158
13632129159
13632129160
13632129161
13632129162
13632129163
13632129165
13632129166
13632129167
13632129168
13632129169
13632129170
13632129171
13632129173
13632129174
13632129175
13632129176
13632129177
13632129178
13632129179
13632129181
13632129182
13632129183
13632129184
13632129187
13632129188
13632129189
13632129190
13632129192
13632129193
13632129194
13632129195
13632129196
13632129197
13632129198
13632129200
13632129201
13632129202
13632129205
13632129206
13632129207
13632129214
13632129216
13632129217
13632129218
13632129219
13632129223
13632129224
13632129225
13632129226
13632129227
13632129232
13632129235
13632129236
13632129237
13632129238
13632129239
13632129240
13632129241
13632129243
13632129245
13632129246
13632129247
13632129248
13632129250
13632129252
13632129253
13632129254
13632129256
13632129257
13632129260
13632129261
13632129262
13632129264
13632129265
13632129266
13632129268
13632129269
13632129273
13632129274
13632129278
13632129280
13632129282
13632129283
13632129284
13632129285
13632129287
13632129288
13632129289
13632129290
13632129291
13632129292
13632129294
13632129295
13632129296
13632129297
13632129298
13632129299
13632129302
13632129303
13632129305
13632129307
13632129308
13632129310
13632129312
13632129314
13632129315
13632129316
13632129317
13632129319
13632129320
13632129321
13632129323
13632129324
13632129325
13632129326
13632129327
13632129328
13632129329
13632129330
13632129331
13632129332
13632129334
13632129335
13632129336
13632129337
13632129338
13632129339
13632129341
13632129343
13632129346
13632129348
13632129351
13632129352
13632129356
13632129357
13632129358
13632129359
13632129360
13632129361
13632129362
13632129363
13632129365
13632129367
13632129368
13632129370
13632129371
13632129372
13632129376
13632129377
13632129378
13632129381
13632129382
13632129385
13632129389
13632129391
13632129393
13632129394
13632129396
13632129397
13632129398
13632129399
13632129402
13632129403
13632129404
13632129407
13632129408
13632129409
13632129410
13632129413
13632129416
13632129417
13632129418
13632129419
13632129421
13632129423
13632129424
13632129425
13632129426
13632129427
13632129428
13632129429
13632129430
13632129431
13632129434
13632129435
13632129436
13632129437
13632129438
13632129439
13632129440
13632129442
13632129443
13632129444
13632129445
13632129446
13632129449
13632129450
13632129451
13632129452
13632129453
13632129454
13632129456
13632129458
13632129460
13632129462
13632129463
13632129465
13632129467
13632129468
13632129471
13632129473
13632129474
13632129475
13632129478
13632129479
13632129480
13632129483
13632129488
13632129489
13632129492
13632129493
13632129496
13632129497
13632129498
13632129500
13632129503
13632129505
13632129507
13632129508
13632129509
13632129510
13632129512
13632129514
13632129517
13632129519
13632129520
13632129524
13632129525
13632129527
13632129529
13632129530
13632129531
13632129535
13632129540
13632129542
13632129544
13632129545
13632129547
13632129550
13632129551
13632129552
13632129553
13632129554
13632129556
13632129559
13632129560
13632129561
13632129562
13632129564
13632129566
13632129567
13632129568
13632129570
13632129571
13632129572
13632129574
13632129576
13632129577
13632129578
13632129579
13632129580
13632129581
13632129583
13632129584
13632129586
13632129589
13632129590
13632129591
13632129593
13632129594
13632129595
13632129596
13632129597
13632129598
13632129599
13632129602
13632129603
13632129605
13632129606
13632129607
13632129610
13632129612
13632129613
13632129615
13632129616
13632129617
13632129618
13632129620
13632129623
13632129625
13632129626
13632129627
13632129628
13632129629
13632129631
13632129632
13632129635
13632129637
13632129639
13632129644
13632129645
13632129646
13632129648
13632129650
13632129652
13632129654
13632129656
13632129657
13632129658
13632129661
13632129662
13632129663
13632129664
13632129667
13632129669
13632129670
13632129671
13632129676
13632129678
13632129679
13632129680
13632129682
13632129683
13632129684
13632129688
13632129689
13632129690
13632129691
13632129692
13632129693
13632129695
13632129696
13632129697
13632129699
13632129700
13632129701
13632129703
13632129704
13632129705
13632129706
13632129709
13632129710
13632129712
13632129713
13632129714
13632129715
13632129716
13632129717
13632129719
13632129723
13632129726
13632129727
13632129729
13632129732
13632129734
13632129736
13632129737
13632129738
13632129739
13632129740
13632129741
13632129743
13632129744
13632129745
13632129746
13632129747
13632129750
13632129752
13632129756
13632129757
13632129758
13632129761
13632129763
13632129764
13632129765
13632129766
13632129767
13632129770
13632129771
13632129772
13632129773
13632129774
13632129775
13632129777
13632129778
13632129780
13632129781
13632129783
13632129785
13632129788
13632129790
13632129791
13632129794
13632129795
13632129796
13632129797
13632129801
13632129802
13632129803
13632129805
13632129806
13632129808
13632129810
13632129812
13632129813
13632129816
13632129818
13632129819
13632129820
13632129821
13632129822
13632129823
13632129824
13632129825
13632129826
13632129828
13632129829
13632129830
13632129831
13632129832
13632129833
13632129834
13632129835
13632129837
13632129838
13632129839
13632129840
13632129841
13632129842
13632129843
13632129845
13632129846
13632129847
13632129849
13632129850
13632129851
13632129852
13632129854
13632129855
13632129856
13632129857
13632129858
13632129859
13632129860
13632129861
13632129862
13632129863
13632129864
13632129865
13632129866
13632129867
13632129869
13632129870
13632129872
13632129873
13632129875
13632129877
13632129879
13632129880
13632129882
13632129884
13632129885
13632129886
13632129887
13632129890
13632129891
13632129892
13632129893
13632129895
13632129896
13632129897
13632129898
13632129899
13632129900
13632129901
13632129903
13632129904
13632129905
13632129909
13632129910
13632129911
13632129912
13632129913
13632129914
13632129915
13632129916
13632129917
13632129918
13632129920
13632129922
13632129925
13632129926
13632129927
13632129928
13632129929
13632129930
13632129931
13632129932
13632129933
13632129935
13632129936
13632129938
13632129939
13632129941
13632129942
13632129943
13632129945
13632129946
13632129948
13632129949
13632129950
13632129951
13632129952
13632129953
13632129954
13632129955
13632129956
13632129958
13632129959
13632129960
13632129961
13632129962
13632129964
13632129965
13632129966
13632129968
13632129971
13632129972
13632129973
13632129974
13632129975
13632129977
13632129979
13632129980
13632129981
13632129982
13632129983
13632129984
13632129987
13632129988
13632129989
13632129990
13632129991
13632129992
13632129993
13632129995
13632129996
13632129998
